0.492680164712,0.877368650615
0.555094935174,0.880414383672
0.582216018832,0.879835224508
0.60086590857,0.87814126863
0.611617337444,0.872610598757
0.636835919328,0.866050257804
0.647704705124,0.861117957847
0.657104434054,0.849915697207
0.661329786167,0.845089770283
0.665601309969,0.828873481916
0.669901209151,0.807108639047
0.675535011968,0.801117314439
0.681282316307,0.794270966832
0.681986541659,0.75861553441
0.684888569209,0.73294037814
0.684888569209,0.73294037814
0.660625560815,0.84578134705
