0.585595658584,0.786696179291
0.598993500114,0.786165088208
0.612945870739,0.786455073023
0.637706113367,0.787407118705
0.649713827505,0.783101370464
0.658493987052,0.767743550919
0.671293858076,0.7403298323
0.67998634946,0.734654802913
0.684821533138,0.72911702946
0.684821533138,0.72275789274
0.684821533138,0.705525156341
0.685787716713,0.695228620094
0.686243297579,0.68690757194
0.686243297579,0.680880692698
0.686726389366,0.678033833605
0.686726389366,0.678033833605
0.683870121859,0.731074976338
