0.374933058346 0.61156584569
0.37629347511 0.623227981578
0.379518104872 0.632262765993
0.379716019631 0.641853467691
0.38306159665 0.650895297784
0.390912928464 0.656708824534
0.40092050191 0.667397355938
0.406630229473 0.667930689272
0.408173316169 0.668466882301
0.408831024003 0.668991816684
0.412076690496 0.668991816684
0.417640189615 0.669520917213
0.42214497674 0.669520917213
0.425235826482 0.669520917213
0.429359265999 0.669520917213
0.432564527673 0.669520917213
0.432564527673 0.669520917213
