0.508181818182,0.890302327235
0.532727272727,0.875096266049
0.550909090909,0.874406055702
0.569090909091,0.87319260704
0.576363636364,0.867791241925
0.578181818182,0.867182475884
0.591818181818,0.866694660882
0.597272727273,0.864832905014
0.599090909091,0.860852613567
0.601818181818,0.853614582719
0.604545454546,0.838932542516
0.613636363636,0.818857316485
0.615454545455,0.779490974887
0.618181818182,0.760258898521
0.620909090909,0.750418854887
0.620909090909,0.750418854887
0.598181818182,0.860625575384
