0.213303820709 0.585595658584
0.213834911792 0.598993500114
0.213834911792 0.612945870739
0.213834911792 0.637706113367
0.216898629536 0.649713827505
0.232256449081 0.658493987052
0.2596701677 0.671293858076
0.265345197087 0.67998634946
0.268925023662 0.683870121859
0.27088297054 0.684821533138
0.27724210726 0.684821533138
0.294474843659 0.684821533138
0.304771379906 0.685787716713
0.31309242806 0.686243297579
0.319119307302 0.686243297579
0.321966166395 0.686726389366
0.321966166395 0.686726389366
