0.525381281842,0.796570933422
0.557422043183,0.780364697305
0.591097354421,0.750834969792
0.60640210385,0.733465994481
0.621117122431,0.729937164252
0.634293578554,0.709104525798
0.647391894125,0.704839385863
0.65252092207,0.699011539211
0.664996801165,0.698820548748
0.681315209125,0.697466107435
0.701213611075,0.694411650306
0.710699683011,0.683519514831
0.715117745127,0.668889910937
0.718822244214,0.660364041783
0.722553587498,0.654289586016
0.722553587498,0.654289586016
0.659843526224,0.699389115307
