0.42751797026 0.334904554618
0.471359484777 0.34393821487
0.471359484777 0.36477836559
0.478655120878 0.375575065089
0.503149777812 0.408393963593
0.513746887035 0.424336104729
0.540137577903 0.442618559985
0.544974003309 0.444266006443
0.547079246904 0.444595495735
0.549866356214 0.444595495735
0.552427970971 0.444855573758
0.561007416382 0.444855573758
0.568194758397 0.444855573758
0.570971088864 0.444855573758
0.57364206909 0.444855573758
0.573768100598 0.444855573758
0.573768100598 0.444855573758
