0.540758157659,0.713617967712
0.580856993758,0.723429081202
0.591222632983,0.721031560883
0.600357649336,0.722138674371
0.61539681077,0.71763865075
0.636020616526,0.702206523011
0.654821376936,0.681507876182
0.662093065802,0.674993155821
0.671847190856,0.671732839399
0.674868338892,0.656710947389
0.678493716536,0.651667734521
0.681551933873,0.645514279219
0.684642281776,0.642293775535
0.689530439406,0.640825821853
0.690131040007,0.639220946878
0.690131040007,0.639220946878
0.666932540979,0.671873251178
