0.365481677641 0.288304759256
0.369354204346 0.302802988304
0.37600534502 0.307945294975
0.383033794238 0.315118734109
0.394312103855 0.321545900164
0.407161134259 0.325449472397
0.420458297962 0.331747373587
0.427391525492 0.341800689567
0.434252040523 0.343529105781
0.437368179584 0.345275887254
0.442515809002 0.348790719492
0.452980270798 0.354223030721
0.466299733091 0.360902489335
0.486253070638 0.362148675445
0.499386420393 0.365325176685
0.505058454225 0.365811829982
0.506251516989 0.365811829982
