0.184729078099,0.484358042579
0.207750152251,0.470243389101
0.220420553745,0.449115911536
0.246624884939,0.429263830799
0.262559124358,0.418423338817
0.268921131526,0.400024277982
0.278398255709,0.352150710309
0.288841568098,0.335523406818
0.292861337559,0.282932048037
0.292861337559,0.262421509902
0.294467996483,0.247271343714
0.300894632177,0.243019362266
0.303333656568,0.225668560851
0.303333656568,0.215845582724
0.303333656568,0.213928071554
0.303333656568,0.213928071554
0.292067686765,0.290017947008
