0.654033415851,0.815789056513
0.678566663751,0.816344738165
0.691270649703,0.809377689479
0.696534313914,0.803030367024
0.703273639322,0.794125063075
0.717448032264,0.778767575845
0.723469209887,0.772939150848
0.723469209887,0.768970300879
0.724972969285,0.755477456224
0.724972969285,0.743403166162
0.724972969285,0.737831226911
0.725716463709,0.729801247279
0.726459958133,0.719650333917
0.727209021803,0.711840920285
0.729456212814,0.708584752123
0.729456212814,0.708584752123
0.724221089586,0.761427577249
