0.237363686617 0.915020408163
0.251433161216 0.947591836735
0.280060519191 0.971755102041
0.29769865393 0.975755102041
0.326108051513 0.983836734694
0.402818969399 0.983836734694
0.457682595207 0.983836734694
0.499673202614 0.983836734694
0.571770737132 0.983836734694
0.618538924089 0.983836734694
0.644349979165 0.983836734694
0.691025258552 0.983836734694
0.722433624582 0.983836734694
0.732953230657 0.983836734694
0.755860894332 0.983836734694
0.762129382467 0.983836734694
0.762811394402 0.983836734694
