0.466706168938,0.699195133835
0.541955731121,0.69830177046
0.598593692804,0.696446810077
0.638831391138,0.652045462401
0.638831391138,0.630648141256
0.64781165317,0.602690413218
0.64781165317,0.598472188104
0.64781165317,0.573938497275
0.64781165317,0.559039837132
0.64781165317,0.53439384423
0.655843781684,0.51408015759
0.655843781684,0.488648289576
0.655843781684,0.463445215148
0.655843781684,0.438264270483
0.655843781684,0.424340836406
0.655843781684,0.424340836406
0.64781165317,0.565388953037
