0.109697672765 0.508181818182
0.124903733951 0.532727272727
0.125593944298 0.550909090909
0.12680739296 0.569090909091
0.132208758075 0.576363636364
0.132817524116 0.578181818182
0.133305339118 0.591818181818
0.135167094986 0.597272727273
0.139374424616 0.598181818182
0.139374424616 0.599090909091
0.146385417281 0.601818181818
0.161067457484 0.604545454546
0.181142683515 0.613636363636
0.220509025113 0.615454545455
0.239741101479 0.618181818182
0.249581145113 0.620909090909
0.249581145113 0.620909090909
