0.203429066578 0.525381281842
0.219635302695 0.557422043183
0.249165030208 0.591097354421
0.266534005519 0.60640210385
0.270062835748 0.621117122431
0.290895474202 0.634293578554
0.295160614137 0.647391894125
0.300988460789 0.65252092207
0.300988460789 0.659843526224
0.301179451252 0.664996801165
0.302533892565 0.681315209125
0.305588349694 0.701213611075
0.316480485169 0.710699683011
0.331110089063 0.715117745127
0.339635958217 0.718822244214
0.345710413984 0.722553587498
0.345710413984 0.722553587498
