0.327380952381,0.554163446171
0.412478238607,0.57954000591
0.44112391193,0.578807631966
0.464751664106,0.585631469979
0.49619047619,0.594421596921
0.49619047619,0.576473811126
0.501925243215,0.537766902193
0.516210957501,0.500568094792
0.513343573989,0.469206938968
0.514777265745,0.457068031213
0.516210957501,0.453739366888
0.516210957501,0.448643722006
0.531264720942,0.452771225875
0.531264720942,0.452771225875
0.531264720942,0.452771225875
0.531264720942,0.452771225875
0.514060419867,0.473433732327
