0.513890862552 0.458584862916
0.513890862552 0.492505183873
0.513974045298 0.517200497992
0.520092292981 0.55013605194
0.533860590286 0.572988086696
0.548913245855 0.583033748796
0.559029998362 0.585773474824
0.565607701239 0.591261343855
0.579635970284 0.592174585865
0.588564704162 0.592174585865
0.601710292541 0.595856994016
0.620537567862 0.607737557111
0.638788002026 0.612312184134
0.662633517615 0.615051910162
0.67813586613 0.615965152171
0.685386177636 0.61687839418
0.685386177636 0.61687839418
