0.021953603995 0.754827979039
0.022466211271 0.805459102301
0.022466211271 0.814039644566
0.022466211271 0.818801549328
0.023044582087 0.820706311233
0.023044582087 0.822615629984
0.024242555833 0.824520391889
0.026338912568 0.840710868079
0.030948561195 0.844538619276
0.033216215236 0.844538619276
0.033832039686 0.851237183869
0.053718678305 0.856965140123
0.074220195924 0.857922077922
0.080482822187 0.858879015721
0.08560630592 0.858879015721
0.086436983019 0.858879015721
0.086436983019 0.858879015721
