0.515641957421 0.184729078099
0.529756610899 0.207750152251
0.550884088464 0.220420553745
0.570736169201 0.246624884939
0.581576661183 0.262559124358
0.599975722018 0.268921131526
0.647849289691 0.278398255709
0.664476593182 0.288841568098
0.709982052992 0.292067686765
0.717067951963 0.292861337559
0.737578490098 0.292861337559
0.752728656286 0.294467996483
0.756980637734 0.300894632177
0.774331439149 0.303333656568
0.784154417276 0.303333656568
0.786071928446 0.303333656568
0.786071928446 0.303333656568
