0.112356336475 0.344460954473
0.112356336475 0.355217471845
0.132197606316 0.368550805178
0.132197606316 0.368550805178
0.135817515818 0.368550805178
0.135817515818 0.379361615989
0.170371240149 0.379361615989
0.181413226836 0.379361615989
0.186716257139 0.379361615989
0.191821362244 0.379361615989
0.215977957296 0.380703897868
0.252263477746 0.394037231202
0.25365741714 0.394037231202
0.275663493478 0.44232551949
0.288662669516 0.455695382504
0.290303134314 0.455695382504
0.290303134314 0.455695382504
