0.184210943487 0.654033415851
0.184210943487 0.678566663751
0.190622310521 0.691270649703
0.196969632976 0.696534313914
0.205874936925 0.703273639322
0.221232424155 0.717448032264
0.227060849152 0.723469209887
0.231029699121 0.723469209887
0.238572422751 0.724221089586
0.244522543776 0.724972969285
0.256596833838 0.724972969285
0.262168773089 0.724972969285
0.270198752721 0.725716463709
0.280349666083 0.726459958133
0.288159079715 0.727209021803
0.291415247877 0.729456212814
0.291415247877 0.729456212814
