0.286382032288 0.540758157659
0.286382032288 0.580856993758
0.286382032288 0.591222632983
0.286382032288 0.600357649336
0.286382032288 0.61539681077
0.297793476989 0.636020616526
0.318492123818 0.654821376936
0.325006844179 0.662093065802
0.328126748822 0.666932540979
0.328267160601 0.671847190856
0.343289052611 0.674868338892
0.348332265479 0.678493716536
0.354485720781 0.681551933873
0.357706224465 0.684642281776
0.359174178147 0.689530439406
0.360779053122 0.690131040007
0.360779053122 0.690131040007
