0.288304759256,0.634518322359
0.302802988304,0.630645795654
0.307945294975,0.62399465498
0.315118734109,0.616966205762
0.321545900164,0.605687896145
0.325449472397,0.592838865741
0.331747373587,0.579541702038
0.341800689567,0.572608474508
0.345275887254,0.562631820416
0.348790719492,0.557484190998
0.354223030721,0.547019729202
0.360902489335,0.533700266909
0.362148675445,0.513746929362
0.365325176685,0.500613579607
0.365811829982,0.494941545775
0.365811829982,0.493748483011
0.343529105781,0.565747959477
