0.344460954473,0.887643663525
0.355217471845,0.888879677057
0.368550805178,0.867802393684
0.368550805178,0.867802393684
0.368550805178,0.864182484182
0.379361615989,0.864221693799
0.379361615989,0.829628759851
0.379361615989,0.818586773164
0.379361615989,0.808178637756
0.380703897868,0.784022042704
0.394037231202,0.747736522254
0.394037231202,0.74634258286
0.44232551949,0.724336506522
0.455695382504,0.711337330484
0.455695382504,0.709696865686
0.455695382504,0.709696865686
0.379361615989,0.813283742861
