0.915020408163,0.762636313383
0.947591836735,0.748566838784
0.971755102041,0.719939480809
0.975755102041,0.70230134607
0.983836734694,0.673891948487
0.983836734694,0.597181030601
0.983836734694,0.542317404793
0.983836734694,0.500326797386
0.983836734694,0.381461075911
0.983836734694,0.355650020835
0.983836734694,0.308974741448
0.983836734694,0.277566375418
0.983836734694,0.267046769343
0.983836734694,0.244139105668
0.983836734694,0.237870617533
0.983836734694,0.237188605598
0.983836734694,0.428229262868
