0.754827979039,0.978046396005
0.805459102301,0.977533788729
0.814039644566,0.97771776928
0.818801549328,0.977937508104
0.820706311233,0.976955417913
0.822615629984,0.976980526193
0.824520391889,0.975757444167
0.840710868079,0.973661087432
0.844538619276,0.966783784764
0.851237183869,0.966167960314
0.856965140123,0.946281321695
0.857922077922,0.925779804076
0.858879015721,0.919517177813
0.858879015721,0.91439369408
0.858879015721,0.913563016981
0.858879015721,0.913563016981
0.844538619276,0.969051438805
