0.300804866165 0.466706168938
0.30169822954 0.541955731121
0.303553189923 0.598593692804
0.347954537599 0.638831391138
0.369351858744 0.638831391138
0.397309586782 0.64781165317
0.401527811896 0.64781165317
0.426061502725 0.64781165317
0.434611046963 0.64781165317
0.440960162868 0.64781165317
0.46560615577 0.64781165317
0.48591984241 0.655843781684
0.511351710424 0.655843781684
0.536554784852 0.655843781684
0.561735729517 0.655843781684
0.575659163594 0.655843781684
0.575659163594 0.655843781684
