0.445836553829 0.327380952381
0.445836553829 0.412478238607
0.445836553829 0.44112391193
0.445836553829 0.464751664106
0.445836553829 0.49619047619
0.445836553829 0.49619047619
0.462233097807 0.501925243215
0.499431905208 0.516210957501
0.526566267673 0.516210957501
0.530793061032 0.516210957501
0.542931968787 0.516210957501
0.546260633112 0.516210957501
0.551356277994 0.516210957501
0.551356277994 0.531264720942
0.551356277994 0.531264720942
0.551356277994 0.531264720942
0.551356277994 0.531264720942
