0.721166550668,0.876160947803
0.736106216624,0.875414182318
0.752966753296,0.872005078109
0.772503415907,0.870131555536
0.787448936948,0.864059829852
0.797015060753,0.853174399329
0.817703332424,0.842631662353
0.821534769751,0.832757851959
0.821534769751,0.824136855811
0.82230400052,0.814353838662
0.823070284045,0.808503582664
0.823454899429,0.803286552143
0.823454899429,0.801263620311
0.823836578819,0.799887745486
0.823836578819,0.799012104692
0.823836578819,0.799012104692
0.821534769751,0.827408143507
