0.61156584569,0.625066941654
0.623227981578,0.62370652489
0.632262765993,0.620481895128
0.641853467691,0.620283980369
0.650895297784,0.61693840335
0.656708824534,0.609087071536
0.667397355938,0.59907949809
0.667930689272,0.593369770527
0.668991816684,0.591168975997
0.668991816684,0.587923309504
0.669520917213,0.582359810385
0.669520917213,0.57785502326
0.669520917213,0.574764173518
0.669520917213,0.570640734001
0.669520917213,0.567435472327
0.669520917213,0.567435472327
0.668466882301,0.591826683831
