0.122631349385 0.492680164712
0.122631349385 0.555094935174
0.122631349385 0.582216018832
0.122631349385 0.60086590857
0.127389401243 0.611617337444
0.133949742196 0.636835919328
0.138882042153 0.647704705124
0.150084302793 0.657104434054
0.15421865295 0.660625560815
0.154910229717 0.661329786167
0.171126518084 0.665601309969
0.192891360953 0.669901209151
0.198882685561 0.675535011968
0.205729033168 0.681282316307
0.24138446559 0.681986541659
0.26705962186 0.684888569209
0.26705962186 0.684888569209
