0.123839052197 0.721166550668
0.124585817682 0.736106216624
0.127994921891 0.752966753296
0.129868444464 0.772503415907
0.135940170148 0.787448936948
0.146825600671 0.797015060753
0.157368337647 0.817703332424
0.167242148041 0.821534769751
0.172591856493 0.821534769751
0.175863144189 0.821534769751
0.185646161338 0.82230400052
0.191496417336 0.823070284045
0.196713447857 0.823454899429
0.198736379689 0.823454899429
0.200112254514 0.823836578819
0.200987895308 0.823836578819
0.200987895308 0.823836578819
