0.458584862916,0.486109137448
0.492505183873,0.487248760498
0.517200497992,0.486025954702
0.55013605194,0.479907707019
0.572988086696,0.466139409714
0.583033748796,0.451086754145
0.585773474824,0.440970001638
0.591261343855,0.434392298761
0.592174585865,0.411435295838
0.595856994016,0.398289707459
0.607737557111,0.379462432138
0.612312184134,0.361211997974
0.615051910162,0.337366482385
0.615965152171,0.32186413387
0.61687839418,0.314613822364
0.61687839418,0.314613822364
0.592174585865,0.420364029716
