0.334904554618,0.57248202974
0.34393821487,0.528640515223
0.36477836559,0.53375053182
0.375575065089,0.521344879122
0.408393963593,0.496850222188
0.424336104729,0.486253112965
0.442618559985,0.459862422097
0.444266006443,0.455025996691
0.444595495735,0.450133643786
0.444855573758,0.447572029029
0.444855573758,0.438992583618
0.444855573758,0.431805241603
0.444855573758,0.429028911136
0.444855573758,0.42635793091
0.444855573758,0.426231899402
0.444855573758,0.426231899402
0.444595495735,0.452920753096
