0.485017793594,0.856146742886
0.536903914591,0.848060708263
0.57231316726,0.83051022516
0.603523131673,0.814201353882
0.631992882562,0.798623915096
0.650996441281,0.773684655727
0.665480427046,0.751728573726
0.676903914591,0.729053277118
0.683096085409,0.706477732794
0.687544483986,0.68157764764
0.692597864769,0.65661268556
0.700462633452,0.637217132312
0.703523131673,0.6118349788
0.706298932384,0.59214726855
0.710427046263,0.570469223295
0.714661921708,0.550131492439
0.681672597865,0.713939619829
