 3,4,2,1,3,4,3,2,3,4,4,1,1,3,4,3,1,2,3,3,2,4,4,2,2,4,4,3,2,4,1,3,3,1,1,3,3,2,3,1,1,1,1,3,3,3,1,1,3,4, 50
 0,0,0,0,0,0,0,0,0,0,0,0,0,0,0,0,0,1,3,3,2,4,3,4,4,3,4,4,1,4,2,3,4,4,2,3,3,2,3,4,4,4,3,4,4,3,4,1,1,3, 33


4,3,3,2,3,3,3,1,3,3,4,3,4,3,3,2,3,4,3,2,4,2,4,3,1,2,4,4,4,3,3,1,3,4,2,3,4,4,4,4,4,3,4,1,1,4,2,3,2,1, 100
     4,3,3,3,1,3,1,1,2,4,3,3,3,1,1,4,1,4,3,3,2,2,3,1,1,4,2,4,4,3,2,3,3,4,0,3,2,3,4,4,4,1,1,4,3,4,2,3,2,1, 82


         1,3,4,3,1,4,3,1,3,4,4,1,2,2,3,4,4,3,1,3,0,3,4,4,1,4,2,3,3,3,1,1,2,2,4,4,2,3,3,3,1,1,3,3,4,3,3,4,3,1, 149
       1,3,3,3,3,3,1,4,4,3,4,3,4,4,3,3,2,1,1,1,2,3,4,4,1,4,2,3,2,4,3,1,2,3,1,4,0,3,3,3,1,1,3,3,4,1,4,4,3,3, 131


         1,2,3,3,4,3,3,4,3,1,4,2,4,3,4,3,1,3,4,4,1,3,3,1,3,1,4,4,2,3,4,4,0,1,2,4,3,4,3,2,1,2,2,3,2,3,4,2,2,2, 198
       1,4,3,4,3,3,3,2,2,3,1,2,4,4,4,3,1,3,4,4,1,3,1,1,3,1,4,4,3,3,4,4,2,3,3,4,1,3,3,4,1,2,4,3,2,4,1,2,4,4, 181

