0.256879540087 0.504447633312
0.256879540087 0.570618671607
0.256879540087 0.601759139021
0.256879540087 0.610898147448
0.256879540087 0.628932690804
0.273698765038 0.653377834098
0.301275325059 0.691484095977
0.304872206211 0.704186982913
0.304872206211 0.709634316704
0.305890774783 0.710842775918
0.328496444752 0.714483059205
0.341478270484 0.71936323269
0.350059021425 0.727908535462
0.360325629706 0.730952210223
0.365442752947 0.732761270038
0.367484235699 0.746244838611
0.369329027617 0.754052646419
