0.028571428571 0.353778217016
0.028571428571 0.381885720492
0.03076923077 0.381885720492
0.033333333334 0.395219053826
0.033333333334 0.396570405177
0.052631578948 0.396570405177
0.078227848102 0.396570405177
0.080000000001 0.396570405177
0.080000000001 0.396570405177
0.084081632654 0.396570405177
0.084081632654 0.396570405177
0.116868517899 0.397912687056
0.145823876733 0.397912687056
0.192629067953 0.422056831201
0.247790759652 0.43542620057
0.328268545451 0.462520068364
0.344592636114 0.462520068364
