0.611492284491,0.974304058107
0.69262214487,0.962368856026
0.763242934546,0.947551879046
0.792616216623,0.939903096937
0.815159796762,0.925530727437
0.837553737422,0.873435191432
0.844355084223,0.850341401372
0.845858843622,0.837374074288
0.84661641938,0.793258176993
0.847368299079,0.769995357797
0.848111793503,0.753153261365
0.848111793503,0.739593425792
0.848111793503,0.71805630012
0.849593274984,0.696107076009
0.859325595799,0.681898926567
0.861567279909,0.65927558897
0.84661641938,0.814532146777
