0.353778217016,0.971428571429
0.381885720492,0.971874999999
0.381885720492,0.96923076923
0.395219053826,0.966666666666
0.396570405177,0.967164179104
0.396570405177,0.947368421052
0.396570405177,0.921772151898
0.396570405177,0.919999999999
0.396570405177,0.915918367346
0.396570405177,0.915918367346
0.397912687056,0.883131482101
0.397912687056,0.854176123267
0.422056831201,0.807370932047
0.43542620057,0.752209240348
0.462520068364,0.671731454549
0.462520068364,0.655407363886
0.396570405177,0.919999999999
