0.191959275346 0.290613084815
0.194046946326 0.305312385794
0.217035903974 0.313143021248
0.228001146732 0.322062972756
0.242863260316 0.333701224589
0.255700568467 0.33687358158
0.273523406017 0.343469342389
0.332405911616 0.358581008497
0.333828416418 0.365660942166
0.338489228664 0.367948232495
0.398008345762 0.37399216747
0.424947494702 0.380964793411
0.424947494702 0.408307774415
0.470205600644 0.413076523376
0.500512035275 0.417075807416
0.537953023238 0.420566341883
0.577594274269 0.427326732889
