0.00119760479 0.519710701485
0.004015126135 0.659078341014
0.005593529278 0.738415258576
0.007193675889 0.794843830005
0.007193675889 0.92351766513
0.007193675889 0.92351766513
0.022345746127 0.92351766513
0.107719385312 0.973543266769
0.169379591335 0.994280593958
0.169835738619 0.994280593958
0.188823418436 0.994997439836
0.210777310382 0.994997439836
0.228989686926 0.994997439836
0.233053930655 0.994997439836
0.240306117411 0.994997439836
0.24829547855 0.994997439836
0.26011287947 0.994997439836
