0.567823794595,0.825511363839
0.625037390997,0.813610433424
0.658758265511,0.768353250759
0.700399138275,0.759531823123
0.717966812318,0.755115551052
0.734857360946,0.748486825194
0.748720330738,0.738610981382
0.756759428637,0.732438867212
0.766255427506,0.729330569966
0.783212393822,0.727826887053
0.800262077458,0.730883212148
0.816880375327,0.721912371094
0.82345964154,0.713517637442
0.827861453424,0.702302931282
0.832199316467,0.695801118805
0.834400222409,0.689410266982
0.761107680481,0.730020109739
