0.032209327655 0.682934954778
0.036934231338 0.745321365219
0.044272166633 0.785160320124
0.048630551189 0.833427742758
0.058552566941 0.848726372129
0.070920515654 0.875895109694
0.076035337218 0.904266858574
0.093000224049 0.913830776107
0.110953658736 0.914980212644
0.12025873738 0.914980212644
0.141854012329 0.920747237206
0.165974393603 0.922662946019
0.177555969579 0.924198460313
0.195668874039 0.924964755087
0.203578670038 0.924964755087
0.212342004561 0.928029889186
0.22568703394 0.929179314474
