0.519710701485,0.99880239521
0.659078341014,0.995984873865
0.738415258576,0.994406470722
0.794843830005,0.992806324111
0.92351766513,0.993846153846
0.92351766513,0.993846153846
0.92351766513,0.977654253873
0.973543266769,0.892280614688
0.994280593958,0.830164261381
0.994997439836,0.811176581564
0.994997439836,0.789222689618
0.994997439836,0.771010313074
0.994997439836,0.766946069345
0.994997439836,0.759693882589
0.994997439836,0.75170452145
0.994997439836,0.73988712053
0.994280593958,0.830620408665
