0.141029411765 0.215380884061
0.152961691087 0.24251672922
0.173916190934 0.275084132788
0.173916190934 0.326094247822
0.173916190934 0.364217890146
0.20558943681 0.371405706264
0.311768771091 0.376171074777
0.49226433814 0.394672971208
0.540331898386 0.398654025995
0.564742133315 0.398654025995
0.626264614619 0.401034978376
0.662386648972 0.401841429989
0.679652622388 0.40590647064
0.705005575272 0.414017194604
0.724730950515 0.414830202734
0.739812373963 0.415636654347
0.751639444287 0.415636654347
