0.029296154646 0.56047955688
0.039925510628 0.627820409689
0.046319993765 0.669948561199
0.052001619758 0.740575777154
0.061415148746 0.782005031329
0.069706355316 0.790549122199
0.073811889487 0.807273052946
0.077076134517 0.827059266315
0.091750535036 0.838268279151
0.103982709247 0.838737762719
0.140825575576 0.846908334371
0.188742971449 0.859923432117
0.225330188737 0.866200339561
0.263479974696 0.872465760501
0.273722932409 0.885476702042
0.308150341779 0.896839301803
0.335213269942 0.906867936991
