0.549504975506,0.745445976023
0.607283240801,0.748520086629
0.639747877449,0.729064938933
0.68870527261,0.708012233219
0.708888243393,0.687524857052
0.733827912977,0.67578045155
0.74170609487,0.656099541418
0.7422422879,0.650039044019
0.744916160547,0.642611389915
0.74597728796,0.61595115656
0.746513480989,0.593905435589
0.747567515902,0.579339890632
0.747567515902,0.562560227394
0.748096616431,0.548682814063
0.748096616431,0.532761971957
0.748096616431,0.52359141149
0.743843774488,0.647533509482
