0.290613084815,0.808040724654
0.305312385794,0.805953053674
0.313143021248,0.782964096026
0.322062972756,0.771998853268
0.333701224589,0.757136739684
0.33687358158,0.744299431533
0.343469342389,0.726476593983
0.358581008497,0.667594088384
0.367948232495,0.661510771336
0.37399216747,0.601991654238
0.380964793411,0.575052505298
0.408307774415,0.577597577163
0.413076523376,0.529794399356
0.417075807416,0.499487964725
0.420566341883,0.462046976762
0.427326732889,0.422405725731
0.365660942166,0.666171583582
