0.33361278042,0.843901582661
0.368786334839,0.798732744192
0.40516618776,0.759490653667
0.413159401694,0.709138097044
0.465427318694,0.667610773455
0.515901350968,0.620057881159
0.552529859599,0.588854306679
0.562095239446,0.581098152555
0.564300609782,0.567286278131
0.56450629971,0.553795992493
0.569483884934,0.54046457665
0.569483884934,0.529181339333
0.569483884934,0.520969881467
0.569483884934,0.514488995972
0.569483884934,0.500464477449
0.569483884934,0.49221945618
0.56397112049,0.572173432018
