0.025695941893 0.611492284491
0.037631143974 0.69262214487
0.052448120954 0.763242934546
0.060096903063 0.792616216623
0.074469272563 0.815159796762
0.126564808568 0.837553737422
0.149658598628 0.844355084223
0.162625925712 0.845858843622
0.185467853223 0.84661641938
0.206741823007 0.84661641938
0.230004642203 0.847368299079
0.246846738635 0.848111793503
0.260406574208 0.848111793503
0.28194369988 0.848111793503
0.303892923991 0.849593274984
0.318101073433 0.859325595799
0.34072441103 0.861567279909
