0.397065351456,0.629008817993
0.463832790187,0.626657236936
0.526926121914,0.624910222436
0.589030767719,0.608012372349
0.620080996029,0.565545192739
0.652157574304,0.542703323103
0.653070816313,0.513869315382
0.664067423075,0.501092333906
0.669597376992,0.483494868237
0.686103068973,0.452534759507
0.698938920353,0.412383165595
0.716315730847,0.396637339632
0.720881940893,0.357833126651
0.721795182902,0.323662442384
0.724543325907,0.291649346443
0.732796017457,0.265876065615
0.664067423075,0.482672174416
