0.260911852421 0.556148186187
0.261763605877 0.621315583646
0.281532600495 0.641505484232
0.304926431959 0.662337612746
0.354670376369 0.662337612746
0.378660724217 0.670498202647
0.396236987572 0.670498202647
0.421310102271 0.670498202647
0.433905825406 0.670498202647
0.443629259489 0.670498202647
0.461173160254 0.670498202647
0.484656394287 0.678530331161
0.501003697226 0.678530331161
0.54269516668 0.678530331161
0.558889781265 0.678530331161
0.576432712688 0.678530331161
0.580714760843 0.685759246823
