0.56047955688,0.970703845354
0.627820409689,0.960074489372
0.669948561199,0.953680006235
0.740575777154,0.947998380242
0.782005031329,0.938584851254
0.790549122199,0.930293644684
0.807273052946,0.926188110513
0.827059266315,0.922923865483
0.838737762719,0.896017290753
0.846908334371,0.859174424424
0.859923432117,0.811257028551
0.866200339561,0.774669811263
0.872465760501,0.736520025304
0.885476702042,0.726277067591
0.896839301803,0.691849658221
0.906867936991,0.664786730058
0.838268279151,0.908249464964
