0.556148186187,0.739088147579
0.621315583646,0.738236394123
0.641505484232,0.718467399505
0.662337612746,0.695073568041
0.662337612746,0.645329623631
0.670498202647,0.621339275783
0.670498202647,0.603763012428
0.670498202647,0.578689897729
0.670498202647,0.556370740511
0.670498202647,0.538826839746
0.678530331161,0.515343605713
0.678530331161,0.498996302774
0.678530331161,0.45730483332
0.678530331161,0.441110218735
0.678530331161,0.423567287312
0.685759246823,0.419285239157
0.670498202647,0.566094174594
