0.215380884061,0.858970588235
0.24251672922,0.847038308913
0.275084132788,0.826083809066
0.326094247822,0.833851574381
0.364217890146,0.835367743223
0.371405706264,0.79441056319
0.376171074777,0.688231228909
0.394672971208,0.50773566186
0.398654025995,0.435257866685
0.401034978376,0.373735385381
0.401841429989,0.337613351028
0.40590647064,0.320347377612
0.414017194604,0.294994424728
0.414830202734,0.275269049485
0.415636654347,0.260187626037
0.415636654347,0.248360555713
0.398654025995,0.459668101614
