0.254554023977 0.549504975506
0.254554023977 0.607283240801
0.270935061067 0.639747877449
0.291987766781 0.68870527261
0.312475142948 0.708888243393
0.32421954845 0.733827912977
0.343900458582 0.74170609487
0.349960955981 0.7422422879
0.352466490518 0.743843774488
0.357388610085 0.744916160547
0.38404884344 0.74597728796
0.406094564411 0.746513480989
0.420660109368 0.747567515902
0.437439772606 0.747567515902
0.451317185937 0.748096616431
0.467238028043 0.748096616431
0.47640858851 0.748096616431
