0.554223364976,0.986906190689
0.600945088914,0.984919847178
0.642951577727,0.982063289068
0.693303899662,0.979671900475
0.707468340544,0.978646741961
0.730485089945,0.978353512519
0.743619007772,0.977694883469
0.753080874233,0.972862460791
0.771079628448,0.962526579223
0.779040895295,0.952518454306
0.781184640117,0.934648216222
0.798369802372,0.913556268974
0.801919304513,0.885868867435
0.807780110374,0.830512269468
0.808512711107,0.79350509326
0.817133667615,0.727226534845
0.763884724484,0.97048404029
