0.504447633312,0.743120459913
0.570618671607,0.751308370052
0.601759139021,0.755613531151
0.610898147448,0.748445347557
0.628932690804,0.743702916765
0.653377834098,0.726301234962
0.691484095977,0.698724674941
0.704186982913,0.695127793789
0.710842775918,0.694109225217
0.714483059205,0.671503555248
0.71936323269,0.658521729516
0.727908535462,0.649940978575
0.730952210223,0.639674370294
0.732761270038,0.634557247053
0.746244838611,0.632515764301
0.754052646419,0.630670972383
0.709634316704,0.695262312834
