0.156098417339 0.33361278042
0.201267255808 0.368786334839
0.240509346333 0.40516618776
0.290861902956 0.413159401694
0.332389226545 0.465427318694
0.379942118841 0.515901350968
0.411145693321 0.552529859599
0.418901847445 0.562095239446
0.427826567982 0.56397112049
0.432713721869 0.564300609782
0.446204007507 0.56450629971
0.45953542335 0.569483884934
0.470818660667 0.569483884934
0.479030118533 0.569483884934
0.485511004028 0.569483884934
0.499535522551 0.569483884934
0.50778054382 0.569483884934
