0.370991182007 0.397065351456
0.373342763064 0.463832790187
0.375089777564 0.526926121914
0.391987627651 0.589030767719
0.434454807261 0.620080996029
0.457296676897 0.652157574304
0.486130684618 0.653070816313
0.498907666094 0.664067423075
0.517327825584 0.664067423075
0.517327825584 0.669597376992
0.547465240493 0.686103068973
0.587616834405 0.698938920353
0.603362660368 0.716315730847
0.642166873349 0.720881940893
0.676337557616 0.721795182902
0.708350653557 0.724543325907
0.734123934385 0.732796017457
