0.174488636161 0.567823794595
0.186389566576 0.625037390997
0.231646749241 0.658758265511
0.240468176877 0.700399138275
0.244884448948 0.717966812318
0.251513174806 0.734857360946
0.261389018618 0.748720330738
0.267561132788 0.756759428637
0.269979890261 0.761107680481
0.270669430034 0.766255427506
0.272173112947 0.783212393822
0.272173112947 0.800262077458
0.278087628906 0.816880375327
0.286482362558 0.82345964154
0.297697068718 0.827861453424
0.304198881195 0.832199316467
0.310589733018 0.834400222409
