0.013093809311 0.554223364976
0.015080152822 0.600945088914
0.017936710932 0.642951577727
0.020328099525 0.693303899662
0.021353258039 0.707468340544
0.021646487481 0.730485089945
0.022305116531 0.743619007772
0.027137539209 0.753080874233
0.02951595971 0.763884724484
0.037473420777 0.771079628448
0.047481545694 0.779040895295
0.065351783778 0.781184640117
0.086443731026 0.798369802372
0.114131132565 0.801919304513
0.169487730532 0.807780110374
0.20649490674 0.808512711107
0.272773465155 0.817133667615
