0.682934954778,0.967790672345
0.745321365219,0.963065768662
0.785160320124,0.955727833367
0.833427742758,0.951369448811
0.848726372129,0.941447433059
0.875895109694,0.929079484346
0.904266858574,0.923964662782
0.913830776107,0.906999775951
0.914980212644,0.87974126262
0.920747237206,0.858145987671
0.922662946019,0.834025606397
0.924198460313,0.822444030421
0.924964755087,0.804331125961
0.924964755087,0.796421329962
0.928029889186,0.787657995439
0.929179314474,0.77431296606
0.914980212644,0.889046341264
