hahahahahhahahahahhaa
0.580361047732
0.99605027201
0.703307802405
0.428958771837
0.988185841797
0.689651451125
0.904331426444
0.999819047619
0.935053462449
0.679066654761
0.89244273594
0.88122104715
0.610085511106
0.741876989822
0.327940842025
0.788421268372
0.478726164287
hahahahahhahahahahhaa
0.548823887188
0.993467091976
0.69622056916
0.424659783604
0.988251086495
0.688010928968
0.899398217994
0.924607322225
0.931647581359
0.639487651726
0.882326652226
0.870669114052
0.576951678658
0.709575958834
0.617356180185
0.77910528573
0.474598134084
hahahahahhahahahahhaa
0.47420515256
0.912368576934
0.666599609026
0.260246281698
0.470398830246
0.626402310319
0.707469669244
0.859099373291
0.835515121138
0.598489271086
0.749788519508
0.744126369443
0.437497543754
0.719817970604
0.605234835091
0.706617806408
0.437837282944

