0.990672016122,0.704861182654
0.985866457087,0.766797702235
0.9689302874,0.815337172109
0.961025076382,0.854837019581
0.947773547216,0.875573476775
0.917482991723,0.90450753528
0.909167639143,0.911924970154
0.898920261901,0.91241667233
0.884756351067,0.911056128112
0.867689567633,0.910667401193
0.848716753609,0.911381686907
0.821486074172,0.913555046798
0.787458774651,0.914779536594
0.767300451108,0.914877652763
0.757657409568,0.914877652763
0.746087584018,0.914877652763
0.889511894349,0.911056128112
