0.752072812676,0.498294595475
0.759899024561,0.568214892652
0.748572667471,0.617828065289
0.737226714355,0.651826600519
0.718636547909,0.681052591456
0.705626581389,0.7168175392
0.693179547067,0.744324132406
0.680097571312,0.761384234498
0.671233818771,0.767843268693
0.656290528994,0.772830793089
0.648001483645,0.774281506468
0.642578672822,0.775580465897
0.640072789511,0.77647425214
0.636614022073,0.776683572149
0.633601715194,0.777023023413
0.630717543161,0.777713474349
0.676632244861,0.76656738971
