0.862628109893,0.641695523325
0.842347425043,0.694717601909
0.823551404387,0.736784616881
0.800109919038,0.771470699326
0.773462712863,0.797424241141
0.727142994741,0.814057595005
0.688274315312,0.826571983362
0.66355194463,0.831668948701
0.650014963908,0.836440518826
0.636215018944,0.839322529665
0.622556831261,0.844104230726
0.607140839305,0.847533925249
0.590296430122,0.849497230094
0.575982150019,0.849853940284
0.561776322934,0.85100067377
0.550138850215,0.851599925348
0.655397835244,0.833807494076
