0.915381760124,0.544198977053
0.907485816215,0.607211661973
0.887998606099,0.65894360086
0.854126551938,0.726101430121
0.827959147474,0.778188150013
0.785129711273,0.80601838711
0.753814716034,0.818801440576
0.731089881884,0.826939518896
0.716885207289,0.831477659388
0.703192113648,0.835403903835
0.683816425577,0.836990105046
0.669478773153,0.838559305863
0.654841870457,0.839568886647
0.63749447801,0.839884348661
0.619127907124,0.84057355904
0.600775406545,0.841198034164
0.723306549681,0.830211994549
