0.877776083027,0.607552727842
0.866937924287,0.663503919449
0.846750199594,0.709367886244
0.818322281011,0.767996312296
0.797855411025,0.795958462306
0.776157144296,0.809408715798
0.750423498503,0.816541083168
0.732069044731,0.823279564895
0.718283315767,0.826909458311
0.704335302868,0.830259872279
0.685252512777,0.831842748712
0.670724201023,0.833591846013
0.65560111365,0.835469267084
0.638772040392,0.836034582319
0.621742783436,0.836720179023
0.603972860241,0.837592373443
0.724400767525,0.825893658588
