0.736610306009,0.528979114586
0.745875763248,0.593139986666
0.73600917826,0.637475304836
0.728108192841,0.66706587436
0.717565611077,0.690475075379
0.704204242276,0.719530276397
0.692992651195,0.744569592198
0.679803319685,0.760162794842
0.6707101945,0.766761790841
0.656393048604,0.771750986508
0.648988974145,0.774352451655
0.643021700939,0.775184272592
0.640822775508,0.776423170011
0.637114380021,0.776899283501
0.634713669335,0.777368053229
0.631914840302,0.778058504165
0.676695447262,0.765626654332
