0.796288531375,0.724063071785
0.777023712609,0.762346296786
0.764089729777,0.789998646138
0.748200299183,0.804779995197
0.736921937985,0.816447437469
0.708813987548,0.821201433713
0.685588720928,0.824700298778
0.6671844723,0.825750997688
0.656027848386,0.828644972853
0.644918620584,0.83232880285
0.634593225678,0.836403254381
0.61893283497,0.839138988104
0.599932132012,0.8413489196
0.584543903207,0.841817698184
0.568930392004,0.842535400039
0.557221350511,0.843477792888
0.66060084115,0.827660818268
