0.927608620744,0.781987836317
0.926895188065,0.829915912936
0.928543511848,0.873251468393
0.926877080137,0.899132374019
0.924245605803,0.90545668012
0.912534843373,0.909029977571
0.909053216593,0.90912809374
0.905443161051,0.909327316286
0.898249245628,0.909424498016
0.885634621868,0.909424498016
0.869879300768,0.91023596546
0.840998668555,0.910848210358
0.808292527184,0.911256373624
0.784900259065,0.911354489793
0.774262562139,0.911354489793
0.758600299107,0.911354489793
0.900728996897,0.909424498016
