0.0913114754098
0.0123287671233
0.176034482759
0.126363636364
0.0360683760684
0.149171974522
0.0664835164835
0.0317333333333
0.0595580110497
0.128857142857
0.0710280373832
0.0847619047619
0.228429118774
0.1875
0.191481481481
0.16
0.220756013746
%std
    0.0208
    0.0180
    0.0236
    0.0397
    0.0474
    0.0235
    0.0194
    0.0365
    0.0185
    0.0356
    0.0244
    0.0261
    0.0798
    0.0329
    0.0357
    0.0508
    0.0166
%ch_score
   1.0e+03 *

    1.0366
    1.8011
    1.3230
    1.2263
    0.5530
    1.0199
    0.4563
    1.5163
    0.5511
    2.3713
    1.0579
    2.4678
    2.1569
    4.1969
    3.3611
    5.2741
    0.7779

