0.109264891328 0.427330960854
0.111540165854 0.499466192171
0.128481375358 0.541209964413
0.146110849919 0.581708185053
0.172144793797 0.619359430605
0.217524219591 0.646725978648
0.247189206553 0.6671886121
0.269299615341 0.682775800712
0.295781799717 0.690960854093
0.320292974174 0.696832740214
0.344930615497 0.702206405694
0.364082621446 0.709964412811
0.390432192572 0.713736654804
0.411084436117 0.715836298932
0.432953844428 0.719644128114
0.454993834772 0.723558718861
0.288560505808 0.688754448399
