0.427330960854,0.890735108672
0.499466192171,0.888459834146
0.541209964413,0.871518624642
0.581708185053,0.853889150081
0.619359430605,0.827855206203
0.646725978648,0.782475780409
0.6671886121,0.752810793447
0.682775800712,0.730700384659
0.688754448399,0.711439494192
0.690960854093,0.704218200283
0.696832740214,0.679707025826
0.702206405694,0.655069384503
0.709964412811,0.635917378554
0.713736654804,0.609567807428
0.715836298932,0.588915563883
0.719644128114,0.567046155572
0.723558718861,0.545006165228

