0.493950177936,0.856367226061
0.542704626335,0.845249972287
0.574839857651,0.825353839865
0.60512455516,0.804275849021
0.632135231317,0.793274383708
0.651387900356,0.77004627682
0.663060498221,0.749356499356
0.673523131673,0.725161883597
0.677971530249,0.709719479939
0.680960854093,0.703001579779
0.685266903915,0.679391736937
0.689822064057,0.655351950774
0.696975088968,0.635237261198
0.700533807829,0.610047105492
0.702989323843,0.590800334968
0.706868327402,0.568961072441
0.711387900356,0.547311356916

