0.459181494662,0.833257991605
0.50256227758,0.818904030154
0.536939501779,0.799321890231
0.563274021352,0.781128164635
0.590640569395,0.76178455042
0.611779359431,0.736010617802
0.624839857651,0.706900716644
0.633629893238,0.681478929843
0.636370106762,0.656364704155
0.639964412811,0.637197930692
0.645587188612,0.615115963651
0.649110320285,0.597660473803
0.653523131673,0.578411918486
0.654412811388,0.56428746778
0.655587188612,0.558107125545
0.655587188612,0.557921196887
0.634448398577,0.664752600768
