0.020453595127 0.531674572446
0.029951487722 0.608244689559
0.04056849344 0.660300628152
0.043341007214 0.734807350704
0.059685785612 0.78007266418
0.069839869248 0.789099846837
0.073823861325 0.806789961158
0.076458010333 0.83003396944
0.092291641535 0.837794706414
0.105051876248 0.838264189982
0.138519785224 0.849816404146
0.192084744937 0.865246960828
0.228876442867 0.871514349223
0.261374304613 0.876813586588
0.274412609473 0.887409069192
0.310344722071 0.898771668953
0.335375471028 0.909269787708
