0.260091105372,0.956872294373
0.340008314162,0.920544301299
0.383991258778,0.86385216175
0.39706988734,0.838127266277
0.459823764085,0.756491295691
0.511574427891,0.628300550044
0.55621641707,0.595600263528
0.568359116504,0.589954898623
0.571079950757,0.574467613665
0.57056448684,0.560425947214
0.57626322591,0.548028845149
0.57626322591,0.535634863393
0.57626322591,0.527607771675
0.57626322591,0.520816846028
0.57626322591,0.505572292612
0.57626322591,0.497331928606
0.570750461466,0.579440583582
