0.014060275339 0.574135583732
0.025185367749 0.658968708809
0.045169909263 0.749809911699
0.051455577783 0.785158995398
0.068624794021 0.815137519776
0.122751013434 0.837553737422
0.147341971868 0.845098578647
0.165600080003 0.845858843622
0.193721897025 0.852542345305
0.215147383147 0.852542345305
0.237245674721 0.854775706486
0.252747698262 0.85551920091
0.265993766346 0.85551920091
0.285270686298 0.85551920091
0.304663655322 0.85551920091
0.315459073518 0.872750481358
0.342393689848 0.875000488398
