0.480408458779,0.998425196851
0.53883794337,0.998601398601
0.597479849996,0.998857142857
0.671223396075,0.994879117163
0.696745092583,0.983242910765
0.719640454775,0.973563480927
0.747387432802,0.970073747499
0.766344733406,0.964415984381
0.783639262269,0.954644798419
0.790865234998,0.944241150496
0.793744273938,0.927470306623
0.811633661545,0.897580464416
0.813746337602,0.876870881057
0.81887454273,0.82208457
0.826143799295,0.764123945674
0.831130127521,0.706849750806
0.778554340976,0.962378431364
