0.025841314355 0.667226015918
0.029651432241 0.734199124564
0.037280885322 0.777880556283
0.043248927767 0.828065169804
0.052900247844 0.845667084661
0.069037481842 0.876656279107
0.0755924522 0.905028754979
0.093142504111 0.915357493665
0.111176677623 0.916125250812
0.120493793025 0.916125250812
0.142056597792 0.921509866196
0.164607897433 0.923808716771
0.176565627199 0.924961089303
0.195422895858 0.925345704687
0.20320354171 0.925727384077
0.211976273428 0.928792518176
0.226293137136 0.929941943464
