0.075014035088 0.427288142735
0.075014035088 0.523497504773
0.113437314664 0.552493436039
0.23098098786 0.605470142867
0.319577397684 0.626337612746
0.360857996328 0.659317874778
0.410031434287 0.659317874778
0.432735930333 0.659317874778
0.440441230265 0.659317874778
0.446235315182 0.659317874778
0.464532778305 0.659317874778
0.490744395854 0.667350003292
0.509015142185 0.667350003292
0.55069549246 0.667350003292
0.570614382218 0.667350003292
0.578260149542 0.667350003292
0.602632280003 0.674578918955
