0.427288142735,0.924985964912
0.523497504773,0.930129714658
0.552493436039,0.886562685336
0.605470142867,0.76901901214
0.626337612746,0.680422602316
0.659317874778,0.639142003672
0.659317874778,0.589968565713
0.659317874778,0.567264069667
0.659317874778,0.553764684818
0.659317874778,0.535467221695
0.667350003292,0.509255604146
0.667350003292,0.490984857815
0.667350003292,0.44930450754
0.667350003292,0.429385617782
0.667350003292,0.421739850458
0.674578918955,0.397367719997
0.659317874778,0.559558769735
