0.542591386264,0.752402298583
0.603031885447,0.75457740381
0.633352989768,0.735125190757
0.683917724226,0.714036057001
0.705165988568,0.692850920916
0.732233452231,0.677886706294
0.742239428204,0.657578085458
0.742775621233,0.651185194616
0.744916160547,0.643181557566
0.74597728796,0.61580521646
0.746513480989,0.594148801595
0.747567515902,0.579589178608
0.747567515902,0.561660195391
0.748096616431,0.548527958232
0.748096616431,0.532127832132
0.748096616431,0.522009811922
0.743314673959,0.647677560579
