0.158191352591 0.274722409713
0.163483378171 0.294630863556
0.193652642816 0.307496657297
0.209033845786 0.315419686774
0.233448769166 0.330795535661
0.247408136309 0.33687358158
0.272023049388 0.344457148934
0.334452976352 0.358046845384
0.336659268395 0.364887467286
0.341583773505 0.367956520994
0.402140412297 0.375959492062
0.428279636722 0.38097308191
0.428279636722 0.409532691234
0.470011848371 0.415767611538
0.504932535675 0.419801703545
0.54358225494 0.422313681242
0.581046122964 0.43058402239
