0.438155761003,0.872210824325
0.480711168982,0.859780260686
0.515782696579,0.813155514289
0.597395302071,0.792079981671
0.634616977934,0.784107062865
0.705162274405,0.761153143922
0.747255433005,0.741452840725
0.781998501061,0.734331295398
0.799469982503,0.727434074222
0.820064106482,0.726671036215
0.837897163419,0.728940350676
0.856026384166,0.723212384784
0.85823834594,0.711187195701
0.85823834594,0.70994530969
0.858979086681,0.70138004776
0.860460568162,0.69495513839
0.793637318462,0.728975057513
