0.574135583732,0.985939724661
0.658968708809,0.974814632251
0.749809911699,0.954830090737
0.785158995398,0.948544422217
0.815137519776,0.931375205979
0.837553737422,0.877248986566
0.845098578647,0.852658028132
0.845858843622,0.834399919997
0.852542345305,0.784852616853
0.854775706486,0.762754325279
0.85551920091,0.747252301738
0.85551920091,0.734006233654
0.85551920091,0.714729313702
0.85551920091,0.695336344678
0.872750481358,0.684540926482
0.875000488398,0.657606310152
0.852542345305,0.806278102975
