0.478947619593,0.759569321947
0.5516669782,0.769069106927
0.581044359359,0.765916711313
0.588301116031,0.758776820061
0.608165236615,0.751927029147
0.646034405559,0.729276047032
0.693331844788,0.699598323816
0.712680027326,0.698964666549
0.719335820331,0.698673472027
0.722983361632,0.674430450549
0.727212968883,0.663680610687
0.736350551594,0.654317693535
0.741862173065,0.647097179754
0.741862173065,0.639394503968
0.758911939425,0.637904217292
0.76431734483,0.632963411787
0.718731590724,0.699258876331
