0.09935483871 0.173628358241
0.111205073996 0.180001068877
0.114230235784 0.195110865747
0.125876527602 0.234938060196
0.125876527602 0.332281377802
0.178279808047 0.37061205547
0.360309466711 0.376171074777
0.468145555314 0.396247471976
0.548191229372 0.396247471976
0.575423778827 0.397015521131
0.636433820858 0.398602822718
0.66680133194 0.399409274331
0.681649796789 0.401848298721
0.710139825729 0.411585038946
0.725472931651 0.412398047076
0.74327211203 0.413204498689
0.758192956973 0.413204498689
