0.320891283072 0.357724806163
0.320891283072 0.449208350491
0.320891283072 0.506818002369
0.340406834694 0.581712264095
0.428003139019 0.617328702451
0.452592815267 0.652157574304
0.4750525933 0.675190631982
0.479498511901 0.707385395425
0.49934912467 0.709228713398
0.503308268579 0.710150372384
0.542514709524 0.732981422612
0.588107724775 0.74764375801
0.605840623779 0.754065892189
0.643922136422 0.760471192413
0.679221751125 0.760471192413
0.709764316829 0.761384434423
0.73085444513 0.775150130106
