0.247597701417 0.542591386264
0.247597701417 0.603031885447
0.264874809243 0.633352989768
0.285963942999 0.683917724226
0.307149079084 0.705165988568
0.322113293706 0.732233452231
0.342421914542 0.742239428204
0.348814805384 0.742775621233
0.352322439421 0.743314673959
0.356818442434 0.744916160547
0.38419478354 0.74597728796
0.405851198405 0.746513480989
0.420410821392 0.747567515902
0.438339804609 0.747567515902
0.451472041768 0.748096616431
0.467872167868 0.748096616431
0.477990188078 0.748096616431
