0.127789175675 0.438155761003
0.140219739314 0.480711168982
0.186844485711 0.515782696579
0.207920018329 0.597395302071
0.215892937135 0.634616977934
0.238846856078 0.705162274405
0.258547159275 0.747255433005
0.265668704602 0.781998501061
0.271024942487 0.793637318462
0.272565925778 0.799469982503
0.273328963785 0.820064106482
0.273328963785 0.837897163419
0.276787615216 0.856026384166
0.288812804299 0.85823834594
0.29005469031 0.85823834594
0.29861995224 0.858979086681
0.30504486161 0.860460568162
