0.667226015918,0.974158685645
0.734199124564,0.970348567759
0.777880556283,0.962719114678
0.828065169804,0.956751072233
0.845667084661,0.947099752156
0.876656279107,0.930962518158
0.905028754979,0.9244075478
0.915357493665,0.906857495889
0.916125250812,0.879506206975
0.921509866196,0.857943402208
0.923808716771,0.835392102567
0.924961089303,0.823434372801
0.925345704687,0.804577104142
0.925727384077,0.79679645829
0.928792518176,0.788023726572
0.929941943464,0.773706862864
0.916125250812,0.888823322377
