0.531674572446,0.979546404873
0.608244689559,0.970048512278
0.660300628152,0.95943150656
0.734807350704,0.956658992786
0.78007266418,0.940314214388
0.789099846837,0.930160130752
0.806789961158,0.926176138675
0.83003396944,0.923541989667
0.838264189982,0.894948123752
0.849816404146,0.861480214776
0.865246960828,0.807915255063
0.871514349223,0.771123557133
0.876813586588,0.738625695387
0.887409069192,0.725587390527
0.898771668953,0.689655277929
0.909269787708,0.664624528972
0.837794706414,0.907708358465
