0.001574803149 0.480408458779
0.001574803149 0.53883794337
0.001574803149 0.597479849996
0.005120882837 0.671223396075
0.016757089235 0.696745092583
0.026436519073 0.719640454775
0.029926252501 0.747387432802
0.035584015619 0.766344733406
0.037621568636 0.778554340976
0.045355201581 0.783639262269
0.055758849504 0.790865234998
0.072529693377 0.793744273938
0.102419535584 0.811633661545
0.123129118943 0.813746337602
0.17791543 0.81887454273
0.235876054326 0.826143799295
0.293150249194 0.831130127521
