0.043127705627 0.260091105372
0.079455698701 0.340008314162
0.13614783825 0.383991258778
0.161872733723 0.39706988734
0.243508704309 0.459823764085
0.371699449956 0.511574427891
0.404399736472 0.55621641707
0.410045101377 0.568359116504
0.420559416418 0.570750461466
0.425532386335 0.571079950757
0.439574052786 0.571079950757
0.451971154851 0.57626322591
0.464365136607 0.57626322591
0.472392228325 0.57626322591
0.479183153972 0.57626322591
0.494427707388 0.57626322591
0.502668071394 0.57626322591
