0.240430678053 0.478947619593
0.240430678053 0.5516669782
0.240430678053 0.581044359359
0.241223179939 0.588301116031
0.248072970853 0.608165236615
0.270723952968 0.646034405559
0.300401676184 0.693331844788
0.301035333451 0.712680027326
0.301035333451 0.718731590724
0.301326527973 0.719335820331
0.325569549451 0.722983361632
0.336319389313 0.727212968883
0.345682306465 0.736350551594
0.352902820246 0.741862173065
0.360605496032 0.741862173065
0.362095782708 0.758911939425
0.367036588213 0.76431734483
