0.274722409713,0.841808647409
0.294630863556,0.836516621829
0.307496657297,0.806347357184
0.315419686774,0.790966154214
0.330795535661,0.766551230834
0.33687358158,0.752591863691
0.344457148934,0.727976950612
0.358046845384,0.665547023648
0.367956520994,0.658416226495
0.375959492062,0.597859587703
0.38097308191,0.571720363278
0.409532691234,0.576265930773
0.415767611538,0.529988151629
0.419801703545,0.495067464325
0.422313681242,0.45641774506
0.43058402239,0.418953877036
0.364887467286,0.663340731605
