0.173628358241,0.90064516129
0.180001068877,0.888794926004
0.195110865747,0.885769764216
0.234938060196,0.874123472398
0.332281377802,0.89292991453
0.37061205547,0.821720191953
0.376171074777,0.639690533289
0.396247471976,0.531854444686
0.397015521131,0.424576221173
0.398602822718,0.363566179142
0.399409274331,0.33319866806
0.401848298721,0.318350203211
0.411585038946,0.289860174271
0.412398047076,0.274527068349
0.413204498689,0.25672788797
0.413204498689,0.241807043027
0.396221870337,0.451808770628
