0.357724806163,0.679108716928
0.449208350491,0.689983568035
0.506818002369,0.679517244695
0.581712264095,0.659593165306
0.617328702451,0.571996860981
0.652157574304,0.547407184733
0.675190631982,0.5249474067
0.707385395425,0.520501488099
0.710150372384,0.496691731421
0.732981422612,0.457485290476
0.74764375801,0.411892275225
0.754065892189,0.394159376221
0.760471192413,0.356077863578
0.760471192413,0.320778248875
0.761384434423,0.290235683171
0.775150130106,0.26914555487
0.709228713398,0.50065087533
