0.480575539568,0.998505231689
0.538848920863,0.998666666666
0.597841726619,0.998798076923
0.671942446043,0.994675186369
0.697841726619,0.983772819473
0.720863309353,0.973760932945
0.748201438849,0.970149253731
0.76690647482,0.964705882353
0.784172661871,0.955302366345
0.791366906475,0.945017182131
0.794244604317,0.928511354079
0.812230215827,0.898885350319
0.814388489209,0.877519379845
0.819424460432,0.82238267148
0.826618705036,0.763455149502
0.831654676259,0.706169822847
0.779136690648,0.962666666667
