0.131474103586 0.173982442139
0.159851301116 0.180367118915
0.177852348994 0.195530726257
0.177852348994 0.235434956105
0.177852348994 0.332801276935
0.254807692308 0.37110933759
0.404791929382 0.376695929769
0.49797979798 0.396648044693
0.564798598949 0.396648044693
0.586378737542 0.39744612929
0.643112062812 0.399042298484
0.669525065963 0.399840383081
0.686567164179 0.402234636871
0.713968957871 0.411811652035
0.728323699422 0.412609736632
0.745829244357 0.413407821229
0.759962928638 0.413407821229
