0.026271660145 0.667177326695
0.029858299595 0.734201455381
0.037896731407 0.777862887782
0.044208664898 0.828035235542
0.054389721627 0.845653006511
0.070268074736 0.876675603217
0.076953125 0.905017234776
0.09435392194 0.915358100345
0.111771258819 0.916124090387
0.120911429622 0.916124090387
0.142551674982 0.921486020682
0.165109034268 0.923783990808
0.177172061329 0.924932975871
0.19627411843 0.925315970892
0.204148831083 0.925698965913
0.212406625528 0.928762926082
0.22699777141 0.929911911145
