0.133526850508 0.438004402054
0.146023468057 0.480557593544
0.198403648803 0.51577402788
0.212560386473 0.597945707997
0.21911632101 0.635363169479
0.240316205534 0.705062362436
0.259636363636 0.74688187821
0.265840220386 0.782098312546
0.270889487871 0.793837123991
0.272363150868 0.799706529714
0.273081924577 0.820249449743
0.273081924577 0.837857666911
0.276951672862 0.856199559795
0.289185905225 0.858400586941
0.290479078229 0.858400586941
0.29880239521 0.859134262656
0.30509478673 0.860601614087
