0.250917094644 0.542507970244
0.250917094644 0.603081827843
0.268711656442 0.633368756642
0.290126861555 0.683846971307
0.309213951067 0.705100956429
0.32285012285 0.73219978746
0.343206393982 0.742295430393
0.34946486738 0.742826780021
0.352913968548 0.743358129649
0.357470210816 0.744952178534
0.385826771653 0.74601487779
0.406922752216 0.746546227418
0.42122583299 0.747608926674
0.438995215311 0.747608926674
0.451926819774 0.748140276302
0.468077068379 0.748140276302
0.478131949592 0.748140276302
