0.542507970244,0.749082905356
0.603081827843,0.751655629139
0.633368756642,0.731288343558
0.683846971307,0.709873138445
0.705100956429,0.690786048933
0.73219978746,0.67714987715
0.742295430393,0.656793606018
0.742826780021,0.65053513262
0.744952178534,0.642529789184
0.74601487779,0.614173228347
0.746546227418,0.593077247784
0.747608926674,0.57877416701
0.747608926674,0.561004784689
0.748140276302,0.548073180226
0.748140276302,0.531922931621
0.748140276302,0.521868050408
0.743358129649,0.647086031452
