0.438004402054,0.866473149492
0.480557593544,0.853976531943
0.51577402788,0.801596351197
0.597945707997,0.787439613527
0.635363169479,0.78088367899
0.705062362436,0.759683794466
0.74688187821,0.740363636364
0.782098312546,0.734159779614
0.799706529714,0.727636849132
0.820249449743,0.726918075423
0.837857666911,0.728781110402
0.856199559795,0.723048327138
0.858400586941,0.710814094775
0.858400586941,0.709520921771
0.859134262656,0.70119760479
0.860601614087,0.69490521327
0.793837123991,0.729110512129
