0.001494768311 0.480575539568
0.001494768311 0.538848920863
0.001494768311 0.597841726619
0.005324813631 0.671942446043
0.016227180527 0.697841726619
0.026239067055 0.720863309353
0.029850746269 0.748201438849
0.035294117647 0.76690647482
0.037333333333 0.779136690648
0.044697633655 0.784172661871
0.054982817869 0.791366906475
0.071488645921 0.794244604317
0.101114649681 0.812230215827
0.122480620155 0.814388489209
0.17761732852 0.819424460432
0.236544850498 0.826618705036
0.293830177153 0.831654676259
