0.406676783005 0.358058608059
0.406676783005 0.449633699634
0.406676783005 0.507326007326
0.406716417911 0.582417582417
0.45564516129 0.618131868132
0.482583454282 0.65293040293
0.501688048616 0.675824175824
0.508582326764 0.707875457876
0.731622306717 0.775641025641
0.731622306717 0.775641025641
0.731622306717 0.775641025641
0.731622306717 0.775641025641
0.731622306717 0.775641025641
0.731622306717 0.775641025641
0.731622306717 0.775641025641
0.731622306717 0.775641025641
0.731622306717 0.775641025641
