0.358058608059,0.593323216995
0.449633699634,0.61838790932
0.507326007326,0.608791208791
0.582417582417,0.593283582089
0.618131868132,0.54435483871
0.65293040293,0.517416545718
0.675824175824,0.498311951384
0.707875457876,0.491417673236
0.709706959707,0.470838396112
0.710622710623,0.468599033816
0.733516483517,0.441079295154
0.748168498168,0.396025206011
0.754578754579,0.380249192432
0.760989010989,0.347117794486
0.760989010989,0.316450875857
0.761904761905,0.288188430897
0.775641025641,0.268377693283

