0.667177326695,0.973728339855
0.734201455381,0.970141700405
0.777862887782,0.962103268593
0.828035235542,0.955791335102
0.845653006511,0.945610278373
0.876675603217,0.929731925264
0.905017234776,0.923046875
0.915358100345,0.90564607806
0.916124090387,0.879088570378
0.921486020682,0.857448325018
0.923783990808,0.834890965732
0.924932975871,0.822827938671
0.925315970892,0.80372588157
0.925698965913,0.795851168917
0.928762926082,0.787593374472
0.929911911145,0.77300222859
0.916124090387,0.888228741181
