0.173982442139,0.868525896414
0.180367118915,0.840148698884
0.195530726257,0.822147651006
0.235434956105,0.835694050991
0.332801276935,0.877894736842
0.37110933759,0.745192307692
0.376695929769,0.595208070618
0.396648044693,0.50202020202
0.39744612929,0.413621262458
0.399042298484,0.356887937188
0.399840383081,0.330474934037
0.402234636871,0.313432835821
0.411811652035,0.286031042129
0.412609736632,0.271676300578
0.413407821229,0.254170755643
0.413407821229,0.240037071362
0.396648044693,0.435201401051
