0.572794899044,0.741403026135
0.61211477152,0.738461538462
0.649840595112,0.718144450969
0.691817215728,0.698123324397
0.713602550478,0.683460559797
0.735387885229,0.674463937622
0.739638682253,0.653828088304
0.740701381509,0.648070664807
0.742826780021,0.640990371389
0.743889479277,0.617828773169
0.743889479277,0.595744680851
0.74601487779,0.581366459627
0.74601487779,0.567272727273
0.747077577046,0.555731225297
0.747077577046,0.534194528875
0.748140276302,0.524394785847
0.741764080765,0.645101663586
