0.514893617021,0.748233215548
0.569604863222,0.756865912763
0.579939209727,0.750590086546
0.597568389058,0.752679938744
0.624316109423,0.745283018868
0.650455927052,0.723461798513
0.673556231003,0.699494949495
0.689361702128,0.69400244798
0.700303951368,0.686531585221
0.704559270517,0.667242371906
0.710030395137,0.657287563309
0.716717325228,0.64958677686
0.71914893617,0.643984757757
0.721580547112,0.64058283864
0.722188449848,0.639397201292
0.722188449848,0.639397201292
0.693617021277,0.688593844297
