0.165714285714 0.535583272194
0.181447502548 0.589141599413
0.223540145985 0.624358033749
0.242574257426 0.673514306676
0.24921630094 0.70286133529
0.253403933434 0.724137931035
0.261029411765 0.737344093911
0.267767408471 0.74834922964
0.270538243626 0.755685986794
0.270538243626 0.763022743947
0.273287671233 0.778429933969
0.273287671233 0.798972853999
0.283322601417 0.816581071167
0.295597484277 0.821716801174
0.302973977695 0.825385179751
0.310281517748 0.826852531181
0.315217391304 0.831988261189
