0.197924980048,0.813114754098
0.235434956105,0.793010752688
0.279329608939,0.723140495868
0.340782122905,0.743902439024
0.365522745411,0.741100323624
0.371907422187,0.691394658754
0.376695929769,0.626826029216
0.395849960096,0.476923076923
0.399042298484,0.417014178482
0.401436552274,0.366885485047
0.402234636871,0.333774834437
0.406225059856,0.314003701419
0.414205905826,0.293220338983
0.414205905826,0.274603174603
0.415003990423,0.256790123457
0.415003990423,0.244936410739
0.399042298484,0.433651344319
