0.471223021583,0.92123769339
0.536690647482,0.917589175892
0.579856115108,0.916951080774
0.603597122302,0.91494002181
0.618705035971,0.901467505241
0.659712230216,0.899901864573
0.671223021583,0.88603988604
0.682014388489,0.858695652174
0.687050359712,0.853440571939
0.691366906475,0.826311263972
0.697841726619,0.799011532125
0.705755395684,0.789855072464
0.710791366907,0.781027667984
0.712949640288,0.740657698057
0.71582733813,0.714798850575
0.71582733813,0.714798850575
0.686330935252,0.855605381166
