0.258596973865 0.572794899044
0.261538461538 0.61211477152
0.281855549031 0.649840595112
0.301876675603 0.691817215728
0.316539440203 0.713602550478
0.325536062378 0.735387885229
0.346171911696 0.739638682253
0.351929335193 0.740701381509
0.354898336414 0.741764080765
0.359009628611 0.742826780021
0.382171226831 0.743889479277
0.404255319149 0.743889479277
0.418633540373 0.74601487779
0.432727272727 0.74601487779
0.444268774703 0.747077577046
0.465805471125 0.747077577046
0.475605214153 0.748140276302
