0.687476062811,0.964017185822
0.74837227116,0.960196560196
0.785905783225,0.950440018527
0.834929145921,0.947414167753
0.848333971658,0.938559322034
0.875143623133,0.926601784266
0.904251244734,0.920826833073
0.91382612026,0.905159332322
0.914975105324,0.878308823529
0.919954040597,0.856022808268
0.922252010724,0.832641770401
0.923783990808,0.821525885559
0.92454998085,0.806010016694
0.92454998085,0.795911638642
0.927613941019,0.787130321742
0.928762926082,0.774018512608
0.914975105324,0.887444279346
