0.318084345961,0.746644295302
0.436025732666,0.773130544994
0.556826304503,0.790862944162
0.579699785561,0.780558229067
0.628305932809,0.780639431616
0.636883488206,0.7734375
0.651179413867,0.708398133748
0.671193709793,0.618984838497
0.665475339528,0.5859030837
0.665475339528,0.563900666263
0.666904932094,0.55502676978
0.666904932094,0.549146556798
0.686204431737,0.553314121037
0.686204431737,0.553314121037
0.686204431737,0.553314121037
0.686204431737,0.553314121037
0.666190135811,0.59628918746
