0.633982035928,0.963594994312
0.693113772455,0.957600827301
0.726047904192,0.94083414161
0.745508982036,0.924791086351
0.761976047904,0.89691629956
0.776946107785,0.8304
0.783682634731,0.814152410576
0.786676646707,0.804131599082
0.787425149701,0.774668630339
0.788922155689,0.751783166905
0.790419161677,0.729785763649
0.795658682635,0.705843293493
0.802395209581,0.692059393157
0.803143712575,0.681702668361
0.805389221557,0.679292929293
0.805389221557,0.679292929293
0.787425149701,0.788014981274
