0.270042194093 0.551540913921
0.282860824742 0.591392136026
0.304784406379 0.625398512221
0.323835616438 0.65568544102
0.333333333333 0.68862911796
0.352884149297 0.709351753454
0.371013133208 0.712539851222
0.382068965517 0.714133900106
0.388358344702 0.714665249734
0.395693135935 0.71572794899
0.408851884312 0.716790648247
0.427664974619 0.718916046759
0.442751235585 0.718916046759
0.449104234528 0.718916046759
0.455314009662 0.718916046759
0.460095770152 0.718916046759
0.460095770152 0.718916046759
