0.510638297872,0.737489025461
0.5726443769,0.749403341289
0.601215805471,0.752091254753
0.611550151976,0.746844840386
0.629179331307,0.741935483871
0.650455927052,0.722484807563
0.685714285714,0.695009242144
0.699696048632,0.692539109507
0.706382978723,0.691255205235
0.710030395137,0.668574699485
0.714285714286,0.655326268823
0.721580547112,0.645459488853
0.725835866261,0.635782747604
0.727659574468,0.630663856691
0.744072948328,0.628982528263
0.751975683891,0.628237684104
0.705167173252,0.692537313433
