0.031115879828 0.675898203593
0.045105566219 0.744760479042
0.055353901996 0.779191616767
0.066666666666 0.796407185629
0.079593564775 0.813622754491
0.134259259259 0.839820359282
0.154422788606 0.844311377246
0.168993387215 0.846556886228
0.1875 0.846556886228
0.208537438768 0.846556886228
0.230455472468 0.847305389222
0.247840531561 0.847305389222
0.261408083442 0.848053892216
0.282457251425 0.848053892216
0.303680981595 0.849550898204
0.318478906714 0.858532934132
0.340596330275 0.860778443114
