0.016624040921 0.553237410072
0.020047169811 0.597841726619
0.024202420242 0.638129496403
0.02538071066 0.690647482014
0.027777777778 0.705035971223
0.027777777778 0.730215827338
0.028328611898 0.740287769784
0.030754892824 0.748201438849
0.032110091743 0.758992805755
0.041404140414 0.76618705036
0.049469964664 0.774100719424
0.067357512953 0.776978417266
0.088211046991 0.795683453237
0.113328012769 0.79928057554
0.165671641791 0.804316546763
0.201991465149 0.807194244604
0.273717948718 0.815107913669
