0.186885245902 0.197924980048
0.206989247312 0.235434956105
0.276859504132 0.279329608939
0.276859504132 0.340782122905
0.276859504132 0.365522745411
0.308605341246 0.371907422187
0.373173970784 0.376695929769
0.523076923077 0.395849960096
0.566348655681 0.399042298484
0.582985821518 0.399042298484
0.633114514953 0.401436552274
0.666225165563 0.402234636871
0.685996298581 0.406225059856
0.706779661017 0.414205905826
0.725396825397 0.414205905826
0.743209876543 0.415003990423
0.755063589261 0.415003990423
