0.44847020934,0.730971128609
0.530595813205,0.716304347826
0.599838969404,0.693668528864
0.644927536232,0.679389312977
0.647342995169,0.640637450199
0.656199677939,0.601920236337
0.656199677939,0.593590677349
0.656199677939,0.57032890133
0.656199677939,0.556313993174
0.656199677939,0.528877352369
0.664251207729,0.512740832815
0.664251207729,0.492831541219
0.664251207729,0.463743676223
0.664251207729,0.44235924933
0.664251207729,0.427239772139
0.664251207729,0.427239772139
0.656199677939,0.565187239945
