0.262510974539 0.510638297872
0.262510974539 0.5726443769
0.262510974539 0.601215805471
0.262510974539 0.611550151976
0.262510974539 0.629179331307
0.277515192437 0.650455927052
0.304990757856 0.685714285714
0.307460890493 0.699696048632
0.307462686567 0.705167173252
0.308744794765 0.706382978723
0.331425300515 0.710030395137
0.344673731177 0.714285714286
0.354540511147 0.721580547112
0.364217252396 0.725835866261
0.369336143309 0.727659574468
0.371017471737 0.744072948328
0.371762315896 0.751975683891
