0.535583272194,0.834285714286
0.589141599413,0.818552497452
0.624358033749,0.776459854015
0.673514306676,0.757425742574
0.70286133529,0.75078369906
0.724137931035,0.746596066566
0.737344093911,0.738970588235
0.74834922964,0.732232591529
0.763022743947,0.729824561404
0.778429933969,0.726712328767
0.798972853999,0.72696929239
0.816581071167,0.716677398583
0.821716801174,0.704402515723
0.825385179751,0.697026022305
0.826852531181,0.689718482252
0.831988261189,0.684782608696
0.755685986794,0.729461756374
