0.036405005688 0.633982035928
0.042399172699 0.693113772455
0.05916585839 0.726047904192
0.075208913649 0.745508982036
0.10308370044 0.761976047904
0.1696 0.776946107785
0.185847589424 0.783682634731
0.195868400918 0.786676646707
0.211985018726 0.787425149701
0.225331369661 0.787425149701
0.248216833095 0.788922155689
0.270214236351 0.790419161677
0.294156706507 0.795658682635
0.307940606843 0.802395209581
0.318297331639 0.803143712575
0.320707070707 0.805389221557
0.320707070707 0.805389221557
