0.290104947526,0.767857142857
0.304347826087,0.756052141527
0.313593203398,0.738235294118
0.32283858071,0.718576195773
0.334332833583,0.706441393876
0.341329335332,0.687814702921
0.346826586707,0.663479923518
0.36231884058,0.63401836467
0.367816091954,0.619528619529
0.371564217891,0.604963384866
0.38055972014,0.586671802774
0.386806596702,0.571428571429
0.390304847576,0.55077574048
0.392553723138,0.530743243243
0.393303348326,0.522229595222
0.393303348326,0.521710308253
0.365567216392,0.623880597015
