0.373903508772,0.922244759973
0.401864035088,0.864386792453
0.435032894737,0.827856025039
0.463815789474,0.796235294118
0.535910087719,0.761886204209
0.584978070175,0.721921515561
0.614309210526,0.671964017991
0.618695175439,0.639557948427
0.610745614035,0.608410704533
0.616502192982,0.600373731981
0.617050438596,0.582556935818
0.617050438596,0.569873417721
0.617050438596,0.554980276134
0.617050438596,0.548489278752
0.617050438596,0.53903256705
0.617050438596,0.53903256705
0.608278508772,0.612983425414
