0.103174603175 0.538095238095
0.109212481426 0.570952380952
0.11610228058 0.609047619048
0.126207340631 0.646190476191
0.139194139194 0.671428571429
0.165820642978 0.704285714286
0.216008209338 0.727619047619
0.236193293886 0.737619047619
0.242704280156 0.741428571429
0.246265060241 0.744761904762
0.263281617301 0.74619047619
0.286948613006 0.746666666667
0.300979519145 0.747619047619
0.311568799299 0.748095238095
0.31830008673 0.748571428571
0.320811744387 0.749047619048
0.320811744387 0.749047619048
