0.008578431372 0.771210676835
0.010067114094 0.843660629171
0.010989010989 0.857959961869
0.010989010989 0.858913250715
0.010989010989 0.859866539562
0.010989010989 0.860819828408
0.012021857923 0.861773117255
0.015233949945 0.862726406101
0.018358531317 0.866539561487
0.021505376344 0.867492850334
0.03164556962 0.875119161106
0.062880324543 0.880838894185
0.088582677165 0.882745471878
0.093567251462 0.886558627264
0.09796314258 0.886558627264
0.09796314258 0.886558627264
0.09796314258 0.886558627264
