0.232142857143 0.290104947526
0.243947858473 0.304347826087
0.261764705882 0.313593203398
0.281423804227 0.32283858071
0.293558606124 0.334332833583
0.312185297079 0.341329335332
0.336520076482 0.346826586707
0.36598163533 0.36231884058
0.376119402985 0.365567216392
0.380471380471 0.367816091954
0.395036615134 0.371564217891
0.413328197226 0.38055972014
0.428571428571 0.386806596702
0.44922425952 0.390304847576
0.469256756757 0.392553723138
0.477770404778 0.393303348326
0.478289691747 0.393303348326
