0.354054054054,0.966789667897
0.382432432432,0.969178082191
0.382432432432,0.965870307167
0.395945945946,0.963815789473
0.397297297297,0.963934426229
0.397297297297,0.936305732484
0.397297297297,0.899082568807
0.397297297297,0.896341463414
0.397297297297,0.893617021276
0.418918918919,0.898550724638
0.42027027027,0.873595505618
0.42027027027,0.84054054054
0.447297297297,0.775175644028
0.460810810811,0.736501079914
0.475675675676,0.676923076923
0.475675675676,0.657943925234
0.397297297297,0.896341463414
