0.553237410072,0.983375959079
0.597841726619,0.979952830189
0.638129496403,0.975797579758
0.690647482014,0.97461928934
0.705035971223,0.972222222222
0.730215827338,0.972222222222
0.740287769784,0.971671388102
0.748201438849,0.969245107176
0.76618705036,0.958595859586
0.774100719424,0.950530035336
0.776978417266,0.932642487047
0.795683453237,0.911788953009
0.79928057554,0.886671987231
0.804316546763,0.834328358209
0.807194244604,0.798008534851
0.815107913669,0.726282051282
0.758992805755,0.967889908257
