0.035982814178 0.687476062811
0.039803439804 0.74837227116
0.049559981473 0.785905783225
0.052585832247 0.834929145921
0.061440677966 0.848333971658
0.073398215734 0.875143623133
0.079173166927 0.904251244734
0.094840667678 0.91382612026
0.112555720654 0.914975105324
0.121691176471 0.914975105324
0.143977191732 0.919954040597
0.167358229599 0.922252010724
0.178474114441 0.923783990808
0.193989983306 0.92454998085
0.204088361358 0.92454998085
0.212869678258 0.927613941019
0.225981487392 0.928762926082
