0.675898203593,0.968884120172
0.744760479042,0.954894433781
0.779191616767,0.944646098004
0.796407185629,0.933333333334
0.813622754491,0.920406435225
0.839820359282,0.865740740741
0.844311377246,0.845577211394
0.846556886228,0.831006612785
0.846556886228,0.791462561232
0.847305389222,0.769544527532
0.847305389222,0.752159468439
0.848053892216,0.738591916558
0.848053892216,0.717542748575
0.849550898204,0.696319018405
0.858532934132,0.681521093286
0.860778443114,0.659403669725
0.846556886228,0.8125
