0.174757281553 0.498899486427
0.194111232279 0.542186353632
0.229873908826 0.582538517975
0.243144424132 0.607483492296
0.256920415225 0.630227439472
0.273322422259 0.651504035216
0.28085443038 0.666911225238
0.289453425712 0.677182685253
0.290249433107 0.688921496698
0.290249433107 0.697725605282
0.291093410572 0.718268525312
0.297503467406 0.743213499633
0.302845528455 0.754952311079
0.315684976837 0.758620689655
0.327084680026 0.763756419663
0.333971902937 0.765223771093
0.333971902937 0.765223771093
