0.269028871391 0.44847020934
0.283695652174 0.530595813205
0.306331471136 0.599838969404
0.320610687023 0.644927536232
0.359362549801 0.647342995169
0.398079763663 0.656199677939
0.406409322651 0.656199677939
0.42967109867 0.656199677939
0.434812760055 0.656199677939
0.443686006826 0.656199677939
0.471122647631 0.656199677939
0.487259167185 0.664251207729
0.507168458781 0.664251207729
0.536256323777 0.664251207729
0.55764075067 0.664251207729
0.572760227861 0.664251207729
0.572760227861 0.664251207729
