0.001291989664 0.552537526805
0.005224660397 0.680486061473
0.006535947713 0.760543245175
0.007142857143 0.794853466762
0.007142857143 0.921372408863
0.007142857143 0.923516797712
0.02416918429 0.923516797712
0.114434330299 0.973552537527
0.170542635659 0.994281629736
0.17153067302 0.994281629736
0.18833819242 0.994996426019
0.209988649262 0.994996426019
0.227953410982 0.994996426019
0.232635060639 0.994996426019
0.240589198036 0.994996426019
0.24838012959 0.994996426019
0.259968102073 0.994996426019
