0.551540913921,0.729957805907
0.591392136026,0.717139175258
0.625398512221,0.695215593621
0.65568544102,0.676164383562
0.68862911796,0.666666666667
0.709351753454,0.647115850703
0.712539851222,0.628986866792
0.714133900106,0.617931034483
0.71572794899,0.604306864065
0.716790648247,0.591148115688
0.718916046759,0.572335025381
0.718916046759,0.557248764415
0.718916046759,0.550895765472
0.718916046759,0.544685990338
0.718916046759,0.539904229848
0.718916046759,0.539904229848
0.714665249734,0.611641655298
