0.261589403974 0.538647342995
0.272200772201 0.607085346216
0.287272727273 0.631239935588
0.316949152542 0.648953301127
0.370226032736 0.650563607085
0.395864106352 0.658615136876
0.419446415898 0.658615136876
0.43857240906 0.658615136876
0.449528936743 0.658615136876
0.454666666667 0.658615136876
0.47157622739 0.658615136876
0.495429616088 0.666666666667
0.514654161782 0.666666666667
0.554599246907 0.666666666667
0.57120662869 0.666666666667
0.591111111111 0.666666666667
0.595065312046 0.673913043478
