0.033210332103 0.354054054054
0.033210332103 0.382432432432
0.034129692833 0.382432432432
0.036184210527 0.395945945946
0.036184210527 0.397297297297
0.063694267516 0.397297297297
0.100917431193 0.397297297297
0.103658536586 0.397297297297
0.103658536586 0.397297297297
0.106382978724 0.397297297297
0.106382978724 0.418918918919
0.126404494382 0.42027027027
0.15945945946 0.42027027027
0.224824355972 0.447297297297
0.263498920086 0.460810810811
0.323076923077 0.475675675676
0.342056074766 0.475675675676
