0.247297297297,0.84331797235
0.259459459459,0.849557522123
0.272972972973,0.814516129032
0.272972972973,0.814516129032
0.272972972973,0.811244979919
0.283783783784,0.817120622568
0.283783783784,0.688524590164
0.283783783784,0.652173913043
0.283783783784,0.63063063063
0.283783783784,0.626865671642
0.297297297297,0.623229461756
0.297297297297,0.604395604395
0.345945945946,0.622871046228
0.337837837838,0.578703703704
0.359459459459,0.614318706697
0.359459459459,0.614318706697
0.283783783784,0.648148148148
