0.446913580247 0.410256410256
0.452229299363 0.472527472527
0.463644948064 0.520146520147
0.481209150327 0.581501831502
0.503301540719 0.619963369963
0.520677966102 0.647435897436
0.53590078329 0.651098901099
0.546894803549 0.654761904762
0.561811505508 0.655677655678
0.573809523809 0.655677655678
0.596520763187 0.658424908425
0.630608175474 0.678571428571
0.658111824015 0.68315018315
0.698037645174 0.690476190476
0.712927756654 0.691391941392
0.717488789238 0.692307692308
0.717488789238 0.692307692308
