0.077755240027 0.373903508772
0.135613207547 0.401864035088
0.172143974961 0.435032894737
0.203764705882 0.463815789474
0.238113795791 0.535910087719
0.278078484439 0.584978070175
0.328035982009 0.614309210526
0.360442051573 0.618695175439
0.387016574586 0.618695175439
0.391589295467 0.618695175439
0.399626268019 0.618695175439
0.417443064182 0.618695175439
0.430126582279 0.618695175439
0.445019723866 0.618695175439
0.451510721248 0.618695175439
0.46096743295 0.618695175439
0.46096743295 0.618695175439
