0.498899486427,0.825242718447
0.542186353632,0.805888767721
0.582538517975,0.770126091174
0.607483492296,0.756855575868
0.630227439472,0.743079584775
0.651504035216,0.726677577741
0.666911225238,0.71914556962
0.677182685253,0.710546574288
0.697725605282,0.710231516057
0.718268525312,0.708906589428
0.743213499633,0.702496532594
0.754952311079,0.697154471545
0.758620689655,0.684315023163
0.763756419663,0.672915319974
0.765223771093,0.666028097063
0.765223771093,0.666028097063
0.688921496698,0.709750566893
