0.771210676835,0.991421568628
0.843660629171,0.989932885906
0.857959961869,0.989010989011
0.858913250715,0.989023051592
0.859866539562,0.989035087719
0.860819828408,0.989047097481
0.861773117255,0.987978142077
0.862726406101,0.984766050055
0.867492850334,0.978494623656
0.875119161106,0.96835443038
0.880838894185,0.937119675457
0.882745471878,0.911417322835
0.886558627264,0.906432748538
0.886558627264,0.90203685742
0.886558627264,0.90203685742
0.886558627264,0.90203685742
0.866539561487,0.981641468683
