0.253355704698 0.318084345961
0.253355704698 0.436025732666
0.253355704698 0.556826304503
0.253355704698 0.579699785561
0.253355704698 0.628305932809
0.253355704698 0.636883488206
0.291601866252 0.651179413867
0.381015161503 0.671193709793
0.40371081254 0.671193709793
0.4140969163 0.671193709793
0.436099333737 0.671193709793
0.44497323022 0.671193709793
0.450853443202 0.671193709793
0.450853443202 0.686204431737
0.450853443202 0.686204431737
0.450853443202 0.686204431737
0.450853443202 0.686204431737
