0.538095238095,0.896825396825
0.570952380952,0.890787518574
0.609047619048,0.88389771942
0.646190476191,0.873792659369
0.671428571429,0.860805860806
0.704285714286,0.834179357022
0.727619047619,0.783991790662
0.737619047619,0.763806706114
0.744761904762,0.753734939759
0.74619047619,0.736718382699
0.746666666667,0.713051386994
0.747619047619,0.699020480855
0.748095238095,0.688431200701
0.748571428571,0.68169991327
0.749047619048,0.679188255613
0.749047619048,0.679188255613
0.741428571429,0.757295719844
