0.552537526805,0.998708010336
0.680486061473,0.994775339603
0.760543245175,0.993464052287
0.794853466762,0.992857142857
0.921372408863,0.993831919815
0.923516797712,0.993846153846
0.923516797712,0.97583081571
0.973552537527,0.885565669701
0.994281629736,0.82846932698
0.994996426019,0.81166180758
0.994996426019,0.790011350738
0.994996426019,0.772046589018
0.994996426019,0.767364939361
0.994996426019,0.759410801964
0.994996426019,0.75161987041
0.994996426019,0.740031897927
0.994281629736,0.829457364341
