0.15668202765 0.247297297297
0.15668202765 0.259459459459
0.185483870968 0.272972972973
0.185483870968 0.272972972973
0.188755020081 0.272972972973
0.188755020081 0.283783783784
0.311475409836 0.283783783784
0.347826086957 0.283783783784
0.351851851852 0.283783783784
0.36936936937 0.283783783784
0.373134328358 0.283783783784
0.376770538244 0.297297297297
0.395604395605 0.297297297297
0.395604395605 0.345945945946
0.421296296296 0.345945945946
0.421296296296 0.359459459459
0.421296296296 0.359459459459
