0.07876230661 0.471223021583
0.082410824108 0.536690647482
0.083048919226 0.579856115108
0.08505997819 0.603597122302
0.098532494759 0.618705035971
0.100098135427 0.659712230216
0.11396011396 0.671223021583
0.141304347826 0.682014388489
0.144394618834 0.686330935252
0.146559428061 0.687050359712
0.173688736028 0.691366906475
0.200988467875 0.697841726619
0.210144927536 0.705755395684
0.218972332016 0.710791366907
0.259342301943 0.712949640288
0.285201149425 0.71582733813
0.285201149425 0.71582733813
