0.538647342995,0.738410596026
0.607085346216,0.727799227799
0.631239935588,0.712727272727
0.648953301127,0.683050847458
0.650563607085,0.629773967264
0.658615136876,0.604135893648
0.658615136876,0.580553584102
0.658615136876,0.56142759094
0.658615136876,0.545333333333
0.658615136876,0.52842377261
0.666666666667,0.504570383912
0.666666666667,0.485345838218
0.666666666667,0.445400753093
0.666666666667,0.42879337131
0.666666666667,0.408888888889
0.673913043478,0.404934687954
0.658615136876,0.550471063257
