0.410256410256,0.553086419753
0.472527472527,0.547770700637
0.520146520147,0.536355051936
0.581501831502,0.518790849673
0.619963369963,0.496698459281
0.647435897436,0.479322033898
0.651098901099,0.46409921671
0.654761904762,0.453105196451
0.655677655678,0.426190476191
0.658424908425,0.403479236813
0.678571428571,0.369391824526
0.68315018315,0.341888175985
0.690476190476,0.301962354826
0.691391941392,0.287072243346
0.692307692308,0.282511210762
0.692307692308,0.282511210762
0.655677655678,0.438188494492
