0.251766784452 0.514893617021
0.251766784452 0.569604863222
0.251766784452 0.579939209727
0.251766784452 0.597568389058
0.254716981132 0.624316109423
0.276538201487 0.650455927052
0.300505050505 0.673556231003
0.30599755202 0.689361702128
0.311406155703 0.693617021277
0.313468414779 0.700303951368
0.332757628094 0.704559270517
0.342712436691 0.710030395137
0.35041322314 0.716717325228
0.356015242243 0.71914893617
0.35941716136 0.721580547112
0.360602798708 0.722188449848
0.360602798708 0.722188449848
