0.861093361059,0.458211773554
0.87125497424,0.519199261436
0.880824536174,0.569953398296
0.887346230141,0.61508034165
0.868529666351,0.661972192301
0.832806152791,0.696028329985
0.798206335132,0.723530350355
0.779583319523,0.736212545185
0.769872582062,0.746698608497
0.758580210567,0.753749242524
0.742165911894,0.757835922422
0.722642310458,0.761689602718
0.697597003724,0.76896423008
0.682434586652,0.771881242925
0.658991291528,0.775174525394
0.638846868683,0.777123194808
0.771531415552,0.742064817971
