0.867660551551,0.544468366077
0.859177860667,0.594162271566
0.851659311749,0.629399499335
0.84669223818,0.669792181173
0.830928432337,0.69646114764
0.813194788908,0.712482343251
0.793745122406,0.721755504007
0.782546097987,0.730879431316
0.770475519681,0.736020744288
0.759189353049,0.741666041665
0.743336882035,0.746284808039
0.725781979428,0.750798625873
0.704778399839,0.757123579848
0.68796655967,0.761117142436
0.665706186258,0.763683998737
0.645230059984,0.765635525413
0.77514172621,0.734159509679
